166
ENGG1111 2014222222 88.5 4.3
ENGG1202 2014489004 84.8 4
ENGG1202 2014551156 79 3.3
COMP2123 2014220984 65.8 2.3
ENGG1202 2014154894 84.6 4
ENGG1111 2014545455 98.2 4.3
ENGG1111 2014111111 75.6 3.0
ENGG1111 2014599646 82.1 4
ENGG1111 2014006548 91.6 4.3
ENGG1111 2014021281 71.8 3
ENGG1202 2014355984 80.5 4
ENGG1111 2014555555 90.2 4.3
COMP2123 2014111111 82.6 4
COMP2123 2014555555 72.3 3
COMP2123 2014234567 93.7 4.3
ENGG1111 2014333333 78.4 3.2
ENGG1111 2014212365 75.3 3.3
ENGG1111 2014565455 89.2 4.3
COMP2123 2014212365 93.8 4.3
COMP2123 2014113578 71.8 3
COMP2123 2014565455 68.2 2.7
COMP2123 2014123456 92.9 4.3
COMP2123 2014255569 72.9 3
COMP2123 2014812502 74.1 3
COMP2123 2014551156 63.3 2
COMP2123 2014021281 91.5 4.3
COMP2123 2017789506 83.9 4
ENGG1111 2014154894 72.6 3
ENGG1111 2014666856 97.1 4.3
ENGG1111 2014942488 93.8 4.3
ENGG1202 2014333333 63.7 2
ENGG1202 2014555555 65.9 2.3
ENGG1202 2014565455 92.3 4.3
ENGG1202 2014111458 74.1 3
ENGG1202 2014545455 92.9 4.3
ENGG1202 2014611145 97.8 4.3
ENGG1202 2014812502 91.6 4.3
ENGG1202 2014006548 83.5 4
COMP2123 2014987461 90.4 4.3
COMP2123 2014489004 93 4.3
COMP2123 2014500045 97.7 4.3
COMP2123 2014666856 90.6 4.3
COMP2123 2014199174 67.3 2.3
COMP3270 2014222222 65.2 2.3
COMP3270 2014555555 75 3.3
COMP3270 2014515236 95 4.3
COMP3270 2014113578 74.1 3
COMP3270 2014111458 72.4 3
COMP3270 2014545455 96.6 4.3
COMP3270 2014199461 83 4
COMP3270 2014789541 90.7 4.3
COMP3320 2014812502 78.9 3.3
COMP3320 2014556190 90.2 4.3
COMP3320 2017789506 99.5 4.3
COMP3330 2014225549 79.1 3.3
COMP3330 2014885625 81.5 4
COMP3330 2014599646 68.8 2.7
COMP3330 2014006548 95.6 4.3
COMP3330 2014551156 91.1 4.3
COMP3330 2014556190 80.2 4
COMP3330 2014220984 83.4 4
COMP3270 2014812502 79.1 3.3
COMP3270 2014655237 60.7 1.7
COMP3270 2014777894 73.7 3
COMP3270 2014220984 85.7 4.3
COMP3270 2014987461 88.7 4.3
COMP3270 2014214569 75.3 3.3
COMP3270 2014556847 98.3 4.3
COMP3270 2014154894 74.5 3
COMP3270 2014666856 70.9 2.7
COMP3271 2014333333 99.5 4.3
COMP3271 2014444444 64.1 2
COMP3271 2014164597 60.2 1.7
COMP3271 2014212365 95 4.3
COMP3271 2014113578 89.1 4.3
COMP3271 2014111458 63.6 2
COMP3271 2014199461 77.4 3.3
COMP3271 2014789541 82 4
COMP3271 2014599646 79.6 3.3
COMP3271 2014812502 62.1 2
COMP3271 2014006548 74.8 3
COMP3271 2014021281 90.9 4.3
COMP3271 2014777894 66.8 2.3
COMP3271 2017789506 68.4 2.7
COMP3271 2014987461 88.1 4.3
COMP3271 2014214569 93.4 4.3
COMP3271 2014942488 65.3 2.3
COMP3271 2014199174 99.9 4.3
COMP3320 2014444444 80 4
COMP3320 2014515236 64.9 2
COMP3320 2014164597 71.9 3
COMP3320 2014565455 95.6 4.3
COMP3320 2014111458 99.8 4.3
COMP3320 2014199461 90.3 4.3
COMP3320 2014255569 82.4 4
COMP3320 2014789541 80.8 4
COMP3320 2014885625 84.4 4
COMP3320 2014599646 80.9 4
COMP3330 2014556847 87.2 4.3
COMP3330 2014500045 65.5 2.3
COMP3330 2014666856 92.8 4.3
COMP3330 2014355984 84.6 4
COMP3330 2014942488 96.2 4.3
CCST9047 2014111111 71 3
CCST9047 2014222222 80.3 4
CCST9047 2014333333 66.9 2.3
CCST9047 2014555555 86.1 4.3
CCST9047 2014234567 87.8 4.3
CCST9047 2014565455 80.1 4
CCST9047 2014225549 78.9 3.3
CCST9047 2014255569 65.5 2.3
CCST9047 2014611145 62.3 2
CCHU9025 2014556847 79.3 3.3
CCHU9025 2014489004 99.5 4.3
CCHU9025 2014500045 69.7 2.7
CCHU9025 2014154894 61.6 1.7
CCHU9025 2014942488 88.6 4.3
COMP3322 2014333333 75.6 3.3
COMP3322 2014164597 92.1 4.3
COMP3322 2014111458 95.8 4.3
COMP3322 2014545455 64.6 2
COMP3322 2014199461 98.2 4.3
COMP3322 2014812502 68.1 2.7
COMP3322 2014551156 74.4 3
CCST9047 2014812502 80.2 4
CCST9047 2014006548 78.5 3.3
CCST9047 2014220984 78.2 3.3
CCST9047 2014556847 88.5 4.3
CCST9047 2014489004 88.8 4.3
CCST9047 2014154894 82.6 4
CCST9047 2014666856 81.7 4
CCST9047 2014355984 75.7 3.3
CCST9047 2014942488 83.2 4
CCHU9025 2014222222 62.3 2
CCHU9025 2014164597 87.9 4.3
CCHU9025 2014212365 99.6 4.3
CCHU9025 2014225549 88.7 4.3
COMP3320 2014220984 68.5 2.7
COMP3320 2014987461 89.3 4.3
COMP3320 2014500045 94.3 4.3
COMP3330 2014111111 73.8 2.3
COMP3330 2014222222 77.9 3.3
COMP3330 2014444444 79 3.3
COMP3330 2014164597 65.7 2.3
COMP3330 2014212365 95.8 4.3
CCHU9025 2014255569 72.9 3
CCHU9025 2014611145 74.9 3
CCHU9025 2014599646 83.7 4
CCHU9025 2014655237 86.6 4.3
CCHU9025 2014220984 74.2 3
COMP3322 2014655237 99.6 4.3
COMP3322 2014777894 82.2 4
COMP3322 2014214569 92.9 4.3
COMP3322 2014556847 76.1 3.3
COMP3322 2014489004 93.5 4.3
COMP3322 2014500045 65 2.3
COMP3322 2014154894 97.3 4.3
COMP3322 2014666856 66.6 2.3
ENGG1111 2014655237 89.5 4.3
ENGG1111 2014556190 84.7 4
ENGG1202 2014021281 84.2 4
ENGG1202 2014556190 88.8 4.3
ENGG1202 2017789506 70.6 2.7
ENGG1202 2014220984 84 4
ENGG1202 2014214569 74.2 3
ENGG1202 2014556847 66.4 2.3
